0.84	37930
0.86	44769
0.88	47234
0.90	55292
0.94	61159
0.98	68176
1.00	72045
1.04	77849
1.06	81308
1.08	82595
1.10	84067
1.12	86382
1.14	88086
1.16	89919
1.18	91462
1.20	92534
1.22	92895
1.26	95019
1.28	95586
1.30	96431
1.32	96506
1.34	96888
1.36	96545
1.38	96023
1.40	95382
1.42	95842
1.44	95281
1.46	94681
1.48	94778
1.50	93629
1.52	93537
1.54	93025
1.56	92128
1.58	90539
1.60	90366
1.62	89296
1.64	88503
1.66	87323
1.78	80741
1.80	79080
1.82	77533
1.84	76554
1.86	74738
1.88	73349
1.90	71973
1.92	70886
1.94	69593
1.96	68474
1.98	67366
2.00	66193
2.02	64915
2.04	63589
2.06	62129
2.08	61290
2.10	59803
2.12	58694
2.14	57525
2.16	56422
2.18	55278
2.20	54322
2.22	53100
2.24	52095
2.26	51014
2.28	50076
2.30	49299
2.32	48325
2.34	47499
2.36	46528
2.38	45648
2.40	44545
2.42	43620
2.44	42906
2.46	41936
2.48	41234
2.50	40281
2.52	38505
2.54	37739
2.56	36331
2.58	35176
2.60	34056
2.62	33276
2.64	32702
2.66	32046
2.68	31357
2.70	30777
2.72	30126
2.74	29717
2.76	29089
2.78	28585
2.80	28170
2.82	27740
2.84	27293
2.86	26869
2.88	26474
2.90	26080
2.92	25667
2.94	25211
2.96	24666
2.98	24208
3.00	23670
3.02	23181
3.04	22733
3.06	22279
3.08	21961
3.10	21613
3.12	21320
3.14	20946
3.16	20625
3.18	20258
3.20	19873
3.22	19437
3.24	19059
3.26	18617
3.28	18264
3.30	17876
3.32	17508
3.34	17142
3.36	16793
3.38	16522
3.40	16285
3.42	16032
3.44	15812
3.46	15595
3.48	15346
3.50	15169
3.52	14959
3.54	14784
3.56	14593
3.58	14372
3.60	14170
3.62	13956
3.64	13776
3.66	13504
3.68	13342
3.70	13119
3.72	12958
3.74	12750
3.76	12574
3.78	12336
3.80	12143
3.82	11922
3.84	11718
3.86	11466
3.88	11268
3.90	11051
3.92	10883
3.94	10652
3.96	10484
3.98	10347
4.00	10144
4.02	10003
4.04	9851
4.06	9668
4.08	9482
4.10	9361
4.12	9231
4.14	9063
4.16	8922
4.18	8779
4.20	8402
4.22	8216
4.24	7964
4.26	7650
4.28	7455
4.30	7453
4.32	7426
4.34	7573
4.36	7485
4.38	7427
4.40	7326
4.42	7204
4.44	7105
4.46	6997
4.48	6894
4.50	6817
4.52	6709
4.54	6603
4.56	6502
4.58	6397
4.60	6337
4.62	6268
4.64	6193
4.66	6119
4.68	6046
4.70	5999
4.72	5912
4.74	5867
4.76	5862
4.78	5814
4.80	5827

