0.84	50050
0.86	53642
0.88	57161
0.90	60587
0.92	63903
0.94	67092
0.96	70144
0.98	73048
1.00	75795
1.02	78379
1.04	80796
1.06	83044
1.08	85120
1.10	87026
1.12	88762
1.14	90331
1.16	91736
1.18	92981
1.20	94071
1.22	95010
1.24	95804
1.26	96458
1.28	96980
1.30	97374
1.32	97647
1.34	97806
1.36	97857
1.38	97806
1.40	97658
1.42	97421
1.44	97099
1.46	96699
1.48	96226
1.50	95686
1.52	95083
1.54	94423
1.56	93709
1.58	92948
1.60	92142
1.62	91296
1.64	90414
1.66	89500
1.68	88556
1.70	87586
1.72	86594
1.74	85582
1.76	84552
1.78	83508
1.80	82452
1.82	81385
1.84	80310
1.86	79230
1.88	78145
1.90	77057
1.92	75968
1.94	74879
1.96	73792
1.98	72708
2.00	71628
2.02	70553
2.04	69483
2.06	68421
2.08	67366
2.10	66319
2.12	65281
2.14	64252
2.16	63233
2.18	62225
2.20	61228
2.22	60242
2.24	59267
2.26	58305
2.28	57354
2.30	56416
2.32	55490
2.34	54577
2.36	53676
2.38	52788
2.40	51914
2.42	51052
2.44	50203
2.46	49366
2.48	48543
2.50	47733
2.52	46936
2.54	46151
2.56	45379
2.58	44620
2.60	43873
2.62	43138
2.64	42416
2.66	41707
2.68	41009
2.70	40323
2.72	39649
2.74	38987
2.76	38336
2.78	37697
2.80	37069
2.82	36452
2.84	35846
2.86	35250
2.88	34665
2.90	34091
2.92	33527
2.94	32973
2.96	32430
2.98	31895
3.00	31371
3.02	30856
3.04	30351
3.06	29854
3.08	29367
3.10	28888
3.12	28418
3.14	27957
3.16	27504
3.18	27060
3.20	26623
3.22	26195
3.24	25774
3.26	25361
3.28	24956
3.30	24557
3.32	24167
3.34	23783
3.36	23406
3.38	23036
3.40	22673
3.42	22316
3.44	21966
3.46	21622
3.48	21285
3.50	20953
3.52	20628
3.54	20308
3.56	19994
3.58	19686
3.60	19384
3.62	19086
3.64	18794
3.66	18508
3.68	18226
3.70	17950
3.72	17678
3.74	17411
3.76	17149
3.78	16892
3.80	16639
3.82	16391
3.84	16147
3.86	15907
3.88	15671
3.90	15440
3.92	15213
3.94	14989
3.96	14770
3.98	14554
4.00	14342
4.02	14134
4.04	13929
4.06	13728
4.08	13531
4.10	13336
4.12	13146
4.14	12958
4.16	12773
4.18	12592
4.20	12414
4.22	12239
4.24	12066
4.26	11897
4.28	11730
4.30	11567
4.32	11406
4.34	11247
4.36	11092
4.38	10939
4.40	10788
4.42	10640
4.44	10495
4.46	10351
4.48	10211
4.50	10072
4.52	9936
4.54	9802
4.56	9670
4.58	9540
4.60	9413
4.62	9287
4.64	9164
4.66	9042
4.68	8922
4.70	8805
4.72	8689
4.74	8575
4.76	8463
4.78	8352
4.80	8244

